1 0.8558661332179932 0.46366782006920415 0.05878676470588246 0.04844290657439444
2 0.7521247837370243 0.46712802768166084 0.14177984429065732 0.055363321799307884
3 0.7855525519031137 0.46799307958477526 0.2662694636678199 0.0951557093425606
0 0.7918923010380623 0.6418685121107266 0.3112240484429065 0.4844290657439446
1 0.18154736159169552 0.38667820069204156 0.04264922145328718 0.05363321799307954
2 0.09740160034602077 0.38581314878892736 0.12564230103806232 0.05536332179930795
3 0.11757352941176476 0.38148788927335614 0.21900951557093434 0.08823529411764691
0 0.1308293685121107 0.541522491349481 0.2616587370242214 0.4429065743944637
3 0.41208369377162624 0.4480968858131487 0.24321583044982695 0.08304498269896193
0 0.4189997837370243 0.620242214532872 0.2916284602076124 0.4515570934256056
